     43.00    323.00
     78.00    387.00
    177.00    370.00
    291.00    404.00
    407.00    399.00
    473.00    338.00
    576.00    378.00
    616.00    331.00
    591.00    219.00
    593.00    126.00
    512.00     63.00
    353.00     19.00
    264.00     69.00
    170.00     41.00
     74.00     66.00
     28.00    146.00
     59.00    227.00
     25.00    265.00
     89.00    307.00
    114.00    367.00
    190.00    351.00
    253.00    360.00
    307.00    384.00
    384.00    375.00
    438.00    337.00
    485.00    300.00
    556.00    354.00
    588.00    333.00
    562.00    217.00
    571.00    140.00
    501.00     88.00
    390.00     51.00
    314.00     59.00
    249.00    100.00
    155.00     69.00
     80.00     99.00
     58.00    157.00
     97.00    208.00
     70.00    255.00
    240.00    316.00
    316.00    346.00
    387.00    330.00
    428.00    280.00
    472.00    266.00
    527.00    299.00
    547.00    264.00
    521.00    202.00
    512.00    131.00
    450.00    125.00
    380.00     69.00
    319.00     79.00
    271.00    129.00
    156.00    102.00
    106.00    132.00
    120.00    180.00
    141.00    218.00
    105.00    280.00
    146.00    321.00
    159.00    280.00
    190.00    293.00
    245.00    288.00
    296.00    316.00
    360.00    308.00
    388.00    282.00
    410.00    233.00
    447.00    237.00
    492.00    250.00
    522.00    247.00
    492.00    198.00
    487.00    147.00
    432.00    139.00
    392.00    100.00
    339.00     90.00
    305.00    127.00
    260.00    162.00
    186.00    136.00
    136.00    138.00
    150.00    174.00
    179.00    218.00
    147.00    252.00
    210.00    259.00
    268.00    259.00
    307.00    293.00
    368.00    277.00
    373.00    236.00
    397.00    200.00
    466.00    212.00
    462.00    173.00
    413.00    145.00
    377.00    115.00
    332.00    126.00
    286.00    175.00
    248.00    198.00
    214.00    178.00
    179.00    175.00
    205.00    208.00
    231.00    232.00
    190.00    244.00
    190.00    272.00
    326.00    275.00
    357.00    256.00
    361.00    181.00
    403.00    177.00
    375.00    134.00
    329.00    146.00
    290.00    192.00
    247.00    211.00
    251.00    234.00
    300.00    231.00
    337.00    251.00
    346.00    210.00
    345.00    168.00
    307.00    187.00
    278.00    210.00
    328.00    236.00
    337.00    219.00
    338.00    187.00
    304.00    198.00
    322.00    222.00
    328.00    208.00
    314.00    202.00
    309.00    211.00